200.7009
202.5560
208.5466
209.6106
209.6248
256.2123
256.7121
262.3107
262.9885
263.6069
263.8289
264.4097
276.2921
279.2019
279.4221
280.9485
290.6592
290.6816
291.0061
291.0408
291.1138
291.5122
292.5618
293.2103
294.0653
294.6044
295.5725
296.3236
296.7184
297.2997
297.4718
297.9461
298.2669
300.1668
301.7311
302.7016
302.8864
303.0787
303.4461
303.5923
303.7720
303.9586
304.4088
304.5556
304.7556
305.4345
305.4677
305.7390
305.9106
306.2491
306.3301
307.0887
307.1529
307.5731
308.8166
309.2092
309.2901
309.4006
309.5103
309.7131
311.7980
311.8160
314.1332
314.3721
314.8681
316.4429
316.5648
318.8743
319.4579
319.8586
320.8965
320.9356
321.3735
321.4329
321.8193
322.4818
322.9573
323.0070
323.0419
323.2022
323.2372
324.3396
324.4095
324.8345
325.0355
329.7726
330.9740
331.9722
332.3745
332.7153
332.9158
333.4836
334.4395
334.5453
334.5829
335.5016
335.7820
336.0597
336.2161
336.2707
336.7218
336.9807
336.9907
337.1799
337.8216
338.8417
338.8945
339.2798
340.4822
340.6947
341.3148
341.6914
341.7688
341.7903
341.8005
342.8687
344.7702
345.4194
345.6610
345.9321
346.0523
346.4338
346.6578
347.2570
347.9519
348.0718
348.1933
349.8063
350.1215
351.5190
352.0471
354.2847
355.7805
356.1198
356.8502
357.4181
357.4612
359.3525
359.3638
360.0168
363.3664
364.3927
366.4073
368.2242
368.5735
369.4213
370.1224
370.9622
371.3079
372.7107
376.6259
377.7133
381.8427
382.9749
421.9745
423.3850
425.0649
436.9862
437.9400
437.9550
438.5059
439.1991
439.7990
440.9299
441.3215
442.1389
442.8516
442.8634
443.0904
443.0942
445.7049
452.2720
453.7754
456.9057
470.4394
470.8859
471.0065
471.2063
471.5344
475.2732
478.8925
479.0219
482.7338
488.4917
500.5158
503.7751
514.4938
533.0777
534.1093
534.3283
540.0561
556.2766
565.6658
571.9224
574.8298
576.4418
580.4449
582.0155
585.2487
587.2827
588.1895
590.2462
590.6429
594.4834
596.5471
597.4627
597.5534
598.7907
602.9996
607.4337
609.6163
612.8449
614.3062
616.3593
618.2146
621.7281
626.6495
630.4788
632.8164
633.4427
638.2991
640.2248
650.6528
653.2882
659.8952
665.2092
667.8276
671.7043
692.9467
702.4050
703.2413
705.1292
705.9107
717.3938
721.3200
723.5188
724.5166
734.3945
747.2438
748.8871
749.2102
752.2818
753.5774
754.4044
772.4623
774.0738
783.9052
792.6201
792.7117
793.6996
794.3181
808.2458
808.4345
811.8549
812.8910
813.6405
825.9379
826.4807
826.6077
826.7116
830.0325
831.4995
836.5746
837.2106
837.7608
841.7160
841.8427
846.3357
848.4443
849.5359
854.4695
857.1352
859.1258
863.4647
864.7041
865.4383
865.5522
866.8256
867.9492
868.1921
870.4111
877.1656
878.0622
878.3753
883.0907
885.3866
886.5306
886.5755
891.9500
898.8556
907.9462
914.8671
920.1759
922.0060
922.1580
922.6690
927.5519
928.7563
930.0852
931.0583
931.3972
932.6506
937.3307
942.5378
945.9209
948.6681
953.4162
954.7404
957.7013
966.5419
980.8860

