533.0778
534.1094
534.3283
540.0562
565.6659
571.9225
574.8298
576.4419
585.2488
588.1895
594.4834
597.5543
540.0562
556.2766
602.9997
607.4338
609.6163
614.3063
616.3594
618.2146
621.7281
626.6495
630.4789
633.4428
638.2992
640.2246
650.6528
653.2882
659.8953
665.2093
667.8276
671.7043
692.9467
702.405
703.2413
705.1292
705.9107
717.3938
721.32
723.519
724.5167
734.394
747.2439
748.8871
749.21
752.282
753.5774
754.4044
772.4628
774.074
783.9055
792.62
792.7118
793.6996
794.3181
808.2458
808.434
811.8549
812.8911
813.6406
825.9379
826.481
826.6077
826.7117
830.0326
831.5
836.5749
837.211
837.7606
841.7159
841.8427
846.3358
