Wavenumber 		
cm-1	arb	
15000	0
14999.5	0
14999	0
14998.5	1
14998	0
14997.5	0
14997	0
14996.5	0
14996	1
14995.5	1
14995	0
14994.5	0
14994	1
14993.5	2
14993	0
14992.5	0
14992	1
14991.5	1
14991	0
14990.5	1
14990	2
14989.5	1
14989	2
14988.5	0
14988	1
14987.5	4
14987	12
14986.5	7
14986	11
14985.5	20
14985	18
14984.5	35
14984	84
14983.5	110
14983	125
14982.5	129
14982	150
14981.5	159
14981	175
14980.5	190
14980	180
14979.5	200
14979	234
14978.5	108
14978	23
14977.5	8
14977	6
14976.5	5
14976	9
14975.5	4
14975	3
14974.5	9
14974	4
14973.5	2
14973	0
14972.5	0
14972	3
14971.5	0
14971	0
14970.5	0
14970	0
14969.5	0
14969	0
14968.5	1
14968	0
14967.5	0
14967	2
14966.5	0
14966	0
14965.5	0
14965	0
14964.5	2
14964	1
14963.5	2
14963	0
14962.5	0
14962	0
14961.5	2
14961	1
14960.5	0
14960	0
14959.5	0
14959	0
14958.5	0
14958	0
14957.5	0
14957	0
14956.5	0
14956	0
14955.5	0
14955	0
14954.5	1
14954	0
14953.5	1
14953	0
14952.5	0
14952	0
14951.5	3
14951	2
14950.5	2
14950	2
14949.5	0
14949	1
14948.5	1
14948	0
14947.5	1
14947	0
14946.5	0
14946	1
14945.5	0
14945	0
14944.5	2
14944	0
14943.5	0
14943	1
14942.5	1
14942	0
14941.5	0
14941	0
14940.5	0
14940	2
14939.5	1
14939	0
14938.5	0
14938	0
14937.5	0
14937	2
14936.5	0
14936	0
14935.5	0
14935	2
14934.5	0
14934	0
14933.5	0
14933	1
14932.5	1
14932	0
14931.5	0
14931	1
14930.5	0
14930	0
14929.5	0
14929	0
14928.5	0
14928	1
14927.5	0
14927	0
14926.5	0
14926	0
14925.5	0
14925	0
14924.5	0
14924	0
14923.5	0
14923	0
14922.5	0
14922	0
14921.5	1
14921	0
14920.5	0
14920	0
14919.5	0
14919	0
14918.5	0
14918	0
14917.5	0
14917	0
14916.5	1
14916	0
14915.5	0
14915	0
14914.5	0
14914	2
14913.5	0
14913	1
14912.5	1
14912	2
14911.5	2
14911	0
14910.5	0
14910	0
14909.5	1
14909	0
14908.5	0
14908	0
14907.5	0
14907	0
14906.5	0
14906	0
14905.5	0
14905	0
14904.5	0
14904	1
14903.5	0
14903	0
14902.5	1
14902	1
14901.5	0
14901	2
14900.5	1
14900	9
14899.5	8
14899	2
14898.5	9
14898	7
14897.5	10
14897	40
14896.5	43
14896	53
14895.5	57
14895	55
14894.5	89
14894	82
14893.5	93
14893	119
14892.5	100
14892	67
14891.5	16
14891	6
14890.5	2
14890	2
14889.5	0
14889	1
14888.5	2
14888	4
14887.5	0
14887	0
14886.5	2
14886	0
14885.5	1
14885	1
14884.5	0
14884	4
14883.5	1
14883	2
14882.5	0
14882	0
14881.5	0
14881	1
14880.5	0
14880	3
14879.5	1
14879	0
14878.5	0
14878	1
14877.5	0
14877	0
14876.5	1
14876	1
14875.5	0
14875	0
14874.5	1
14874	0
14873.5	1
14873	0
14872.5	1
14872	0
14871.5	0
14871	0
14870.5	0
14870	0
14869.5	0
14869	0
14868.5	0
14868	2
14867.5	0
14867	0
14866.5	0
14866	1
14865.5	1
14865	0
14864.5	2
14864	0
14863.5	0
14863	1
14862.5	0
14862	0
14861.5	0
14861	0
14860.5	0
14860	0
14859.5	0
14859	0
14858.5	0
14858	1
14857.5	0
14857	1
14856.5	0
14856	0
14855.5	0
14855	2
14854.5	0
14854	0
14853.5	0
14853	0
14852.5	0
14852	0
14851.5	0
14851	0
14850.5	1
14850	2
14849.5	3
14849	2
14848.5	3
14848	3
14847.5	0
14847	2
14846.5	11
14846	16
14845.5	12
14845	15
14844.5	13
14844	16
14843.5	15
14843	21
14842.5	26
14842	31
14841.5	17
14841	14
14840.5	2
14840	5
14839.5	1
14839	0
14838.5	0
14838	0
14837.5	1
14837	2
14836.5	0
14836	0
14835.5	0
14835	0
14834.5	1
14834	1
14833.5	1
14833	0
14832.5	0
14832	0
14831.5	1
14831	0
14830.5	0
14830	0
14829.5	0
14829	1
14828.5	1
14828	2
14827.5	1
14827	1
14826.5	1
14826	0
14825.5	0
14825	1
14824.5	1
14824	0
14823.5	0
14823	1
14822.5	0
14822	0
14821.5	0
14821	0
14820.5	0
14820	1
14819.5	1
14819	3
14818.5	0
14818	0
14817.5	1
14817	2
14816.5	2
14816	3
14815.5	0
14815	0
14814.5	0
14814	2
14813.5	0
14813	0
14812.5	0
14812	0
14811.5	0
14811	0
14810.5	1
14810	0
14809.5	1
14809	0
14808.5	0
14808	0
14807.5	1
14807	2
14806.5	0
14806	1
14805.5	0
14805	0
14804.5	1
14804	2
14803.5	0
14803	1
14802.5	1
14802	0
14801.5	0
14801	0
14800.5	0
14800	0
14799.5	2
14799	2
14798.5	1
14798	1
14797.5	2
14797	1
14796.5	0
14796	0
14795.5	0
14795	0
14794.5	0
14794	0
14793.5	1
14793	0
14792.5	0
14792	0
14791.5	0
14791	1
14790.5	0
14790	0
14789.5	1
14789	1
14788.5	0
14788	0
14787.5	0
14787	0
14786.5	1
14786	0
14785.5	2
14785	0
14784.5	0
14784	0
14783.5	0
14783	2
14782.5	0
14782	0
14781.5	0
14781	0
14780.5	0
14780	0
14779.5	0
14779	0
14778.5	1
14778	0
14777.5	2
14777	0
14776.5	0
14776	0
14775.5	0
14775	0
14774.5	0
14774	1
14773.5	0
14773	0
14772.5	1
14772	2
14771.5	2
14771	0
14770.5	0
14770	1
14769.5	0
14769	0
14768.5	0
14768	0
14767.5	0
14767	0
14766.5	0
14766	0
14765.5	0
14765	1
14764.5	0
14764	0
14763.5	0
14763	0
14762.5	0
14762	2
14761.5	0
14761	0
14760.5	0
14760	0
14759.5	0
14759	0
14758.5	0
14758	0
14757.5	0
14757	1
14756.5	0
14756	0
14755.5	0
14755	0
14754.5	1
14754	0
14753.5	0
14753	0
14752.5	0
14752	0
14751.5	1
14751	0
14750.5	0
14750	0
14749.5	1
14749	0
14748.5	1
14748	0
14747.5	0
14747	0
14746.5	0
14746	0
14745.5	1
14745	0
14744.5	0
14744	0
14743.5	1
14743	0
14742.5	0
14742	0
14741.5	0
14741	0
14740.5	0
14740	0
14739.5	0
14739	0
14738.5	0
14738	1
14737.5	1
14737	0
14736.5	0
14736	0
14735.5	2
14735	0
14734.5	0
14734	1
14733.5	0
14733	0
14732.5	0
14732	0
14731.5	1
14731	1
14730.5	0
14730	0
14729.5	0
14729	0
14728.5	1
14728	0
14727.5	0
14727	1
14726.5	2
14726	0
14725.5	1
14725	1
14724.5	0
14724	0
14723.5	0
14723	0
14722.5	0
14722	0
14721.5	0
14721	2
14720.5	0
14720	1
14719.5	1
14719	0
14718.5	0
14718	0
14717.5	0
14717	3
14716.5	1
14716	0
14715.5	0
14715	0
14714.5	0
14714	2
14713.5	1
14713	1
14712.5	1
14712	0
14711.5	2
14711	0
14710.5	0
14710	0
14709.5	1
14709	0
14708.5	1
14708	0
14707.5	0
14707	0
14706.5	0
14706	0
14705.5	0
14705	1
14704.5	0
14704	0
14703.5	0
14703	0
14702.5	0
14702	0
14701.5	0
14701	0
14700.5	0
14700	0
14699.5	0
14699	0
14698.5	1
14698	0
14697.5	1
14697	1
14696.5	0
14696	0
14695.5	0
14695	0
14694.5	0
14694	2
14693.5	0
14693	0
14692.5	0
14692	0
14691.5	1
14691	0
14690.5	0
14690	1
14689.5	0
14689	0
14688.5	0
14688	1
14687.5	0
14687	0
14686.5	1
14686	0
14685.5	0
14685	0
14684.5	0
14684	1
14683.5	0
14683	0
14682.5	0
14682	2
14681.5	0
14681	1
14680.5	0
14680	0
14679.5	1
14679	0
14678.5	0
14678	0
14677.5	0
14677	0
14676.5	0
14676	1
14675.5	0
14675	1
14674.5	2
14674	0
14673.5	1
14673	0
14672.5	0
14672	0
14671.5	0
14671	2
14670.5	0
14670	0
14669.5	0
14669	1
14668.5	0
14668	0
14667.5	0
14667	0
14666.5	1
14666	0
14665.5	0
14665	0
14664.5	1
14664	0
14663.5	0
14663	0
14662.5	0
14662	0
14661.5	0
14661	0
14660.5	0
14660	0
14659.5	0
14659	0
14658.5	0
14658	0
14657.5	1
14657	0
14656.5	0
14656	0
14655.5	1
14655	0
14654.5	0
14654	0
14653.5	0
14653	0
14652.5	0
14652	0
14651.5	0
14651	1
14650.5	0
14650	0
14649.5	0
14649	0
14648.5	0
14648	1
14647.5	0
14647	1
14646.5	1
14646	0
14645.5	0
14645	1
14644.5	0
14644	0
14643.5	0
14643	1
14642.5	0
14642	0
14641.5	0
14641	0
14640.5	0
14640	4
14639.5	2
14639	7
14638.5	0
14638	2
14637.5	16
14637	18
14636.5	15
14636	27
14635.5	22
14635	26
14634.5	33
14634	42
14633.5	36
14633	48
14632.5	38
14632	18
14631.5	1
14631	2
14630.5	4
14630	2
14629.5	1
14629	1
14628.5	2
14628	0
14627.5	0
14627	3
14626.5	0
14626	0
14625.5	0
14625	1
14624.5	0
14624	1
14623.5	1
14623	0
14622.5	0
14622	0
14621.5	2
14621	0
14620.5	0
14620	0
14619.5	1
14619	0
14618.5	0
14618	0
14617.5	0
14617	0
14616.5	0
14616	2
14615.5	0
14615	0
14614.5	0
14614	0
14613.5	0
14613	1
14612.5	0
14612	3
14611.5	3
14611	5
14610.5	1
14610	2
14609.5	0
14609	3
14608.5	1
14608	4
14607.5	2
14607	0
14606.5	1
14606	1
14605.5	1
14605	3
14604.5	0
14604	0
14603.5	1
14603	2
14602.5	0
14602	0
14601.5	0
14601	0
14600.5	1
14600	0
14599.5	0
14599	1
14598.5	2
14598	0
14597.5	0
14597	0
14596.5	0
14596	0
14595.5	0
14595	0
14594.5	2
14594	1
14593.5	0
14593	0
14592.5	0
14592	0
14591.5	1
14591	0
14590.5	0
14590	1
14589.5	2
14589	0
14588.5	0
14588	0
14587.5	0
14587	1
14586.5	4
14586	1
14585.5	0
14585	0
14584.5	1
14584	1
14583.5	1
14583	1
14582.5	0
14582	0
14581.5	1
14581	0
14580.5	0
14580	1
14579.5	0
14579	0
14578.5	0
14578	0
14577.5	0
14577	0
14576.5	0
14576	2
14575.5	0
14575	0
14574.5	0
14574	0
14573.5	0
14573	0
14572.5	1
14572	0
14571.5	0
14571	1
14570.5	0
14570	0
14569.5	0
14569	0
14568.5	1
14568	0
14567.5	0
14567	0
14566.5	2
14566	0
14565.5	0
14565	1
14564.5	0
14564	0
14563.5	0
14563	0
14562.5	0
14562	0
14561.5	0
14561	0
14560.5	0
14560	1
14559.5	0
14559	0
14558.5	1
14558	1
14557.5	1
14557	1
14556.5	1
14556	0
14555.5	1
14555	0
14554.5	0
14554	0
14553.5	0
14553	0
14552.5	0
14552	2
14551.5	0
14551	1
14550.5	0
14550	0
14549.5	0
14549	1
14548.5	0
14548	0
14547.5	1
14547	0
14546.5	1
14546	1
14545.5	1
14545	0
14544.5	0
14544	1
14543.5	0
14543	0
14542.5	0
14542	0
14541.5	0
14541	1
14540.5	0
14540	0
14539.5	0
14539	0
14538.5	0
14538	0
14537.5	0
14537	0
14536.5	0
14536	0
14535.5	2
14535	0
14534.5	0
14534	0
14533.5	0
14533	0
14532.5	0
14532	0
14531.5	1
14531	0
14530.5	0
14530	0
14529.5	0
14529	0
14528.5	0
14528	0
14527.5	0
14527	1
14526.5	0
14526	0
14525.5	0
14525	0
14524.5	0
14524	0
14523.5	1
14523	0
14522.5	2
14522	0
14521.5	2
14521	0
14520.5	1
14520	0
14519.5	0
14519	1
14518.5	0
14518	0
14517.5	0
14517	1
14516.5	0
14516	0
14515.5	2
14515	0
14514.5	1
14514	2
14513.5	4
14513	2
14512.5	2
14512	3
14511.5	4
14511	15
14510.5	31
14510	31
14509.5	35
14509	34
14508.5	39
14508	57
14507.5	43
14507	40
14506.5	50
14506	30
14505.5	3
14505	3
14504.5	3
14504	2
14503.5	4
14503	2
14502.5	0
14502	0
14501.5	0
14501	0
14500.5	0
14500	2
14499.5	2
14499	0
14498.5	3
14498	6
14497.5	4
14497	5
14496.5	7
14496	4
14495.5	7
14495	6
14494.5	8
14494	6
14493.5	3
14493	2
14492.5	1
14492	2
14491.5	1
14491	1
14490.5	1
14490	0
14489.5	1
14489	2
14488.5	0
14488	0
14487.5	0
14487	2
14486.5	2
14486	0
14485.5	1
14485	0
14484.5	5
14484	10
14483.5	18
14483	19
14482.5	24
14482	16
14481.5	13
14481	24
14480.5	31
14480	22
14479.5	17
14479	5
14478.5	1
14478	1
14477.5	1
14477	0
14476.5	0
14476	1
14475.5	0
14475	1
14474.5	0
14474	1
14473.5	1
14473	0
14472.5	1
14472	0
14471.5	1
14471	0
14470.5	0
14470	0
14469.5	1
14469	1
14468.5	2
14468	1
14467.5	0
14467	2
14466.5	0
14466	0
14465.5	0
14465	0
14464.5	0
14464	0
14463.5	1
14463	0
14462.5	0
14462	1
14461.5	1
14461	1
14460.5	2
14460	1
14459.5	3
14459	3
14458.5	5
14458	6
14457.5	8
14457	13
14456.5	10
14456	12
14455.5	11
14455	18
14454.5	13
14454	13
14453.5	20
14453	14
14452.5	7
14452	5
14451.5	3
14451	1
14450.5	1
14450	1
14449.5	0
14449	0
14448.5	0
14448	1
14447.5	0
14447	0
14446.5	0
14446	2
14445.5	0
14445	0
14444.5	3
14444	0
14443.5	1
14443	0
14442.5	3
14442	6
14441.5	6
14441	7
14440.5	11
14440	6
14439.5	28
14439	26
14438.5	21
14438	24
14437.5	30
14437	43
14436.5	40
14436	24
14435.5	25
14435	17
14434.5	17
14434	9
14433.5	3
14433	2
14432.5	6
14432	9
14431.5	25
14431	17
14430.5	20
14430	25
14429.5	37
14429	28
14428.5	37
14428	31
14427.5	27
14427	30
14426.5	16
14426	1
14425.5	2
14425	0
14424.5	4
14424	0
14423.5	0
14423	2
14422.5	0
14422	1
14421.5	1
14421	0
14420.5	1
14420	0
14419.5	1
14419	1
14418.5	0
14418	1
14417.5	1
14417	1
14416.5	1
14416	0
14415.5	0
14415	0
14414.5	1
14414	1
14413.5	1
14413	1
14412.5	1
14412	0
14411.5	0
14411	0
14410.5	2
14410	0
14409.5	4
14409	0
14408.5	2
14408	5
14407.5	11
14407	30
14406.5	31
14406	34
14405.5	33
14405	48
14404.5	66
14404	64
14403.5	66
14403	74
14402.5	49
14402	15
14401.5	7
14401	2
14400.5	1
14400	4
14399.5	2
14399	2
14398.5	0
14398	0
14397.5	0
14397	0
14396.5	0
14396	0
14395.5	1
14395	1
14394.5	1
14394	0
14393.5	1
14393	0
14392.5	1
14392	0
14391.5	1
14391	0
14390.5	0
14390	2
14389.5	1
14389	0
14388.5	1
14388	1
14387.5	1
14387	0
14386.5	2
14386	0
14385.5	3
14385	0
14384.5	0
14384	0
14383.5	1
14383	0
14382.5	0
14382	0
14381.5	2
14381	0
14380.5	0
14380	2
14379.5	0
14379	0
14378.5	0
14378	0
14377.5	1
14377	0
14376.5	0
14376	1
14375.5	0
14375	0
14374.5	0
14374	1
14373.5	0
14373	1
14372.5	0
14372	0
14371.5	0
14371	0
14370.5	0
14370	0
14369.5	1
14369	0
14368.5	0
14368	0
14367.5	0
14367	0
14366.5	0
14366	0
14365.5	0
14365	0
14364.5	0
14364	0
14363.5	0
14363	0
14362.5	0
14362	0
14361.5	2
14361	0
14360.5	0
14360	3
14359.5	0
14359	0
14358.5	1
14358	0
14357.5	0
14357	0
14356.5	0
14356	1
14355.5	0
14355	0
14354.5	1
14354	0
14353.5	0
14353	0
14352.5	0
14352	0
14351.5	0
14351	1
14350.5	0
14350	2
14349.5	0
14349	0
14348.5	1
14348	0
14347.5	1
14347	0
14346.5	0
14346	0
14345.5	0
14345	1
14344.5	0
14344	0
14343.5	0
14343	0
14342.5	0
14342	0
14341.5	0
14341	0
14340.5	0
14340	0
14339.5	0
14339	0
14338.5	2
14338	0
14337.5	0
14337	0
14336.5	0
14336	0
14335.5	0
14335	0
14334.5	0
14334	1
14333.5	1
14333	1
14332.5	0
14332	0
14331.5	0
14331	1
14330.5	1
14330	0
14329.5	1
14329	0
14328.5	0
14328	0
14327.5	0
14327	0
14326.5	0
14326	0
14325.5	0
14325	0
14324.5	0
14324	0
14323.5	0
14323	0
14322.5	2
14322	0
14321.5	0
14321	0
14320.5	0
14320	0
14319.5	0
14319	2
14318.5	0
14318	1
14317.5	0
14317	0
14316.5	0
14316	0
14315.5	0
14315	0
14314.5	2
14314	0
14313.5	0
14313	0
14312.5	0
14312	0
14311.5	0
14311	1
14310.5	1
14310	0
14309.5	0
14309	0
14308.5	0
14308	0
14307.5	2
14307	3
14306.5	0
14306	1
14305.5	0
14305	0
14304.5	1
14304	4
14303.5	0
14303	4
14302.5	2
14302	5
14301.5	9
14301	4
14300.5	7
14300	12
14299.5	11
14299	13
14298.5	13
14298	15
14297.5	6
14297	2
14296.5	0
14296	1
14295.5	0
14295	1
14294.5	0
14294	0
14293.5	0
14293	0
14292.5	1
14292	2
14291.5	2
14291	0
14290.5	1
14290	1
14289.5	3
14289	18
14288.5	22
14288	15
14287.5	13
14287	14
14286.5	12
14286	27
14285.5	18
14285	16
14284.5	4
14284	0
14283.5	2
14283	3
14282.5	0
14282	2
14281.5	2
14281	0
14280.5	1
14280	0
14279.5	0
14279	1
14278.5	2
14278	0
14277.5	2
14277	0
14276.5	0
14276	0
14275.5	0
14275	0
14274.5	1
14274	0
14273.5	0
14273	0
14272.5	1
14272	0
14271.5	0
14271	0
14270.5	1
14270	0
14269.5	0
14269	0
14268.5	0
14268	0
14267.5	0
14267	0
14266.5	0
14266	1
14265.5	1
14265	0
14264.5	0
14264	1
14263.5	1
14263	0
14262.5	0
14262	1
14261.5	0
14261	0
14260.5	1
14260	1
14259.5	0
14259	0
14258.5	0
14258	2
14257.5	0
14257	0
14256.5	0
14256	1
14255.5	0
14255	0
14254.5	1
14254	0
14253.5	0
14253	0
14252.5	0
14252	1
14251.5	2
14251	2
14250.5	2
14250	0
14249.5	3
14249	6
14248.5	2
14248	2
14247.5	8
14247	5
14246.5	5
14246	8
14245.5	7
14245	0
14244.5	2
14244	2
14243.5	1
14243	0
14242.5	0
14242	0
14241.5	0
14241	1
14240.5	0
14240	1
14239.5	0
14239	1
14238.5	0
14238	1
14237.5	0
14237	0
14236.5	0
14236	0
14235.5	3
14235	0
14234.5	2
14234	0
14233.5	1
14233	1
14232.5	3
14232	9
14231.5	8
14231	7
14230.5	17
14230	18
14229.5	22
14229	29
14228.5	23
14228	23
14227.5	45
14227	36
14226.5	27
14226	36
14225.5	31
14225	30
14224.5	57
14224	49
14223.5	62
14223	22
14222.5	4
14222	2
14221.5	1
14221	1
14220.5	0
14220	0
14219.5	1
14219	0
14218.5	2
14218	1
14217.5	1
14217	0
14216.5	0
14216	0
14215.5	1
14215	0
14214.5	1
14214	0
14213.5	2
14213	0
14212.5	2
14212	0
14211.5	5
14211	18
14210.5	14
14210	26
14209.5	22
14209	35
14208.5	42
14208	37
14207.5	40
14207	52
14206.5	50
14206	28
14205.5	3
14205	3
14204.5	2
14204	0
14203.5	0
14203	1
14202.5	1
14202	2
14201.5	0
14201	0
14200.5	0
14200	1
